0.00000 0.002441406250
0.00050 -0.004882812500
0.00100 -0.009765625000
0.00150 -0.021972656250
0.00200 -0.021972656250
0.00250 -0.002441406250
0.00300 -0.002441406250
0.00350 -0.007324218750
0.00400 -0.065917968750
0.00450 0.012207031250
0.00500 0.029296875000
0.00550 0.009765625000
0.00600 0.004882812500
0.00650 0.007324218750
0.00700 -0.014648437500
0.00750 -0.034179687500
0.00800 -0.017089843750
0.00850 0.004882812500
0.00900 -0.004882812500
0.00950 -0.007324218750
0.01000 -0.017089843750
0.01050 0.000000000000
0.01100 0.007324218750
0.01150 -0.009765625000
0.01200 -0.002441406250
0.01250 0.009765625000
0.01300 -0.021972656250
0.01350 -0.041503906250
0.01400 -0.031738281250
0.01450 -0.004882812500
0.01500 -0.002441406250
0.01550 -0.002441406250
0.01600 0.000000000000
0.01650 0.026855468750
0.01700 0.019531250000
0.01750 0.002441406250
0.01800 -0.012207031250
0.01850 0.009765625000
0.01900 -0.007324218750
0.01950 -0.031738281250
0.02000 -0.031738281250
0.02050 -0.058593750000
0.02100 -0.009765625000
0.02150 0.017089843750
0.02200 0.017089843750
0.02250 0.036621093750
0.02300 0.029296875000
0.02350 0.002441406250
0.02400 -0.019531250000
0.02450 -0.019531250000
0.02500 -0.017089843750
0.02550 -0.024414062500
0.02600 -0.026855468750
0.02650 -0.009765625000
0.02700 -0.004882812500
0.02750 -0.002441406250
0.02800 -0.012207031250
0.02850 0.004882812500
0.02900 0.019531250000
0.02950 -0.024414062500
0.03000 -0.029296875000
0.03050 -0.031738281250
0.03100 -0.012207031250
0.03150 0.002441406250
0.03200 -0.012207031250
0.03250 -0.002441406250
0.03300 0.012207031250
0.03350 -0.004882812500
0.03400 -0.007324218750
0.03450 0.007324218750
0.03500 0.017089843750
0.03550 0.009765625000
0.03600 -0.012207031250
0.03650 -0.019531250000
0.03700 -0.021972656250
0.03750 -0.065917968750
0.03800 -0.017089843750
0.03850 0.000000000000
0.03900 0.024414062500
0.03950 0.014648437500
0.04000 0.002441406250
0.04050 0.004882812500
0.04100 0.009765625000
0.04150 0.009765625000
0.04200 -0.009765625000
0.04250 -0.021972656250
0.04300 -0.002441406250
0.04350 -0.012207031250
0.04400 -0.026855468750
0.04450 -0.019531250000
0.04500 0.002441406250
0.04550 0.019531250000
0.04600 -0.014648437500
0.04650 -0.031738281250
0.04700 -0.009765625000
0.04750 -0.002441406250
0.04800 -0.004882812500
0.04850 -0.009765625000
0.04900 0.002441406250
0.04950 0.009765625000
0.05000 -0.009765625000
0.05050 -0.017089843750
0.05100 0.004882812500
0.05150 0.012207031250
0.05200 0.004882812500
0.05250 -0.002441406250
0.05300 0.004882812500
0.05350 0.002441406250
0.05400 -0.083007812500
0.05450 -0.019531250000
0.05500 0.007324218750
0.05550 0.024414062500
0.05600 0.002441406250
0.05650 -0.014648437500
0.05700 -0.019531250000
0.05750 -0.017089843750
0.05800 -0.019531250000
0.05850 -0.002441406250
0.05900 0.004882812500
0.05950 0.007324218750
0.06000 -0.002441406250
0.06050 -0.026855468750
0.06100 -0.007324218750
0.06150 -0.002441406250
0.06200 -0.007324218750
0.06250 -0.017089843750
0.06300 -0.031738281250
0.06350 -0.002441406250
0.06400 -0.004882812500
0.06450 0.000000000000
0.06500 0.007324218750
0.06550 0.014648437500
0.06600 0.002441406250
0.06650 -0.012207031250
0.06700 -0.014648437500
0.06750 0.000000000000
0.06800 0.014648437500
0.06850 0.000000000000
0.06900 0.004882812500
0.06950 0.019531250000
0.07000 0.002441406250
0.07050 -0.058593750000
0.07100 -0.029296875000
0.07150 0.024414062500
0.07200 0.007324218750
0.07250 0.002441406250
0.07300 0.000000000000
0.07350 0.007324218750
0.07400 0.000000000000
0.07450 -0.026855468750
0.07500 -0.024414062500
0.07550 -0.002441406250
0.07600 -0.009765625000
0.07650 -0.017089843750
0.07700 -0.031738281250
0.07750 0.000000000000
0.07800 0.002441406250
0.07850 0.000000000000
0.07900 0.000000000000
0.07950 -0.019531250000
0.08000 -0.021972656250
0.08050 -0.019531250000
0.08100 -0.017089843750
0.08150 0.004882812500
0.08200 0.014648437500
0.08250 0.002441406250
0.08300 -0.009765625000
0.08350 -0.004882812500
0.08400 -0.004882812500
0.08450 -0.007324218750
0.08500 -0.007324218750
0.08550 -0.002441406250
0.08600 0.009765625000
0.08650 -0.009765625000
0.08700 -0.029296875000
0.08750 -0.053710937500
0.08800 0.004882812500
0.08850 0.002441406250
0.08900 -0.002441406250
0.08950 -0.163574218750
0.09000 -0.686035156250
0.09050 0.124511718750
0.09100 0.078125000000
0.09150 0.070800781250
0.09200 0.073242187500
0.09250 0.036621093750
0.09300 0.007324218750
0.09350 0.000000000000
0.09400 -0.002441406250
0.09450 -0.014648437500
0.09500 -0.036621093750
0.09550 0.002441406250
0.09600 -0.007324218750
0.09650 -0.029296875000
0.09700 -0.024414062500
0.09750 -0.007324218750
0.09800 0.007324218750
0.09850 0.002441406250
0.09900 -0.007324218750
0.09950 -0.007324218750
0.10000 0.000000000000
0.10050 -0.324707031250
0.10100 -1.230468750000
0.10150 0.253906250000
0.10200 0.234375000000
0.10250 0.144042968750
0.10300 0.085449218750
0.10350 0.053710937500
0.10400 -0.026855468750
0.10450 0.009765625000
0.10500 0.007324218750
0.10550 0.004882812500
0.10600 0.014648437500
0.10650 0.004882812500
0.10700 -0.021972656250
0.10750 -0.029296875000
0.10800 -0.012207031250
0.10850 -0.009765625000
0.10900 -0.017089843750
0.10950 -0.017089843750
0.11000 -0.012207031250
0.11050 -0.009765625000
0.11100 -0.014648437500
0.11150 -0.031738281250
0.11200 0.000000000000
0.11250 -0.009765625000
0.11300 -0.031738281250
0.11350 -0.024414062500
0.11400 -0.009765625000
0.11450 0.007324218750
0.11500 0.012207031250
0.11550 0.012207031250
0.11600 0.007324218750
0.11650 0.004882812500
0.11700 -0.019531250000
0.11750 -0.026855468750
0.11800 -0.002441406250
0.11850 0.002441406250
0.11900 -0.004882812500
0.11950 -0.014648437500
0.12000 -0.002441406250
0.12050 -0.026855468750
0.12100 -0.031738281250
0.12150 -0.004882812500
0.12200 -0.007324218750
0.12250 -0.080566406250
0.12300 -0.202636718750
0.12350 -0.268554687500
0.12400 -0.495605468750
0.12450 -1.535644531250
0.12500 -2.639160156250
0.12550 -2.968750000000
0.12600 -2.358398437500
0.12650 -1.093750000000
0.12700 0.395507812500
0.12750 1.718750000000
0.12800 3.005371093750
0.12850 4.267578125000
0.12900 4.799804687500
0.12950 4.572753906250
0.13000 3.476562500000
0.13050 1.774902343750
0.13100 0.251464843750
0.13150 -0.910644531250
0.13200 -1.752929687500
0.13250 -2.116699218750
0.13300 -2.282714843750
0.13350 -2.150878906250
0.13400 -1.813964843750
0.13450 -1.479492187500
0.13500 -1.120605468750
0.13550 -0.720214843750
0.13600 -0.332031250000
0.13650 -0.070800781250
0.13700 0.100097656250
0.13750 0.168457031250
0.13800 0.270996093750
0.13850 0.322265625000
0.13900 0.312500000000
0.13950 0.266113281250
0.14000 0.234375000000
0.14050 0.190429687500
0.14100 0.148925781250
0.14150 0.097656250000
0.14200 0.068359375000
0.14250 0.036621093750
0.14300 0.014648437500
0.14350 -0.036621093750
0.14400 -0.065917968750
0.14450 -0.075683593750
0.14500 -0.075683593750
0.14550 -0.083007812500
0.14600 -0.102539062500
0.14650 -0.100097656250
0.14700 -0.073242187500
0.14750 -0.070800781250
0.14800 -0.043945312500
0.14850 -0.009765625000
0.14900 0.000000000000
0.14950 0.000000000000
0.15000 0.002441406250
0.15050 0.017089843750
0.15100 0.036621093750
0.15150 0.036621093750
0.15200 0.043945312500
0.15250 0.061035156250
0.15300 0.078125000000
0.15350 0.061035156250
0.15400 0.002441406250
0.15450 0.048828125000
0.15500 0.073242187500
0.15550 0.063476562500
0.15600 0.041503906250
0.15650 0.041503906250
0.15700 0.034179687500
0.15750 0.000000000000
0.15800 -0.024414062500
0.15850 -0.019531250000
0.15900 -0.021972656250
0.15950 -0.058593750000
0.16000 -0.070800781250
0.16050 -0.100097656250
0.16100 -0.083007812500
0.16150 -0.090332031250
0.16200 -0.083007812500
0.16250 -0.073242187500
0.16300 -0.063476562500
0.16350 -0.075683593750
0.16400 -0.075683593750
0.16450 -0.051269531250
0.16500 -0.007324218750
0.16550 -0.002441406250
0.16600 0.004882812500
0.16650 0.014648437500
0.16700 0.029296875000
0.16750 0.041503906250
0.16800 0.041503906250
0.16850 0.043945312500
0.16900 0.065917968750
0.16950 0.063476562500
0.17000 0.041503906250
0.17050 0.024414062500
0.17100 0.036621093750
0.17150 0.073242187500
0.17200 0.061035156250
0.17250 0.048828125000
0.17300 0.051269531250
0.17350 0.026855468750
0.17400 -0.014648437500
0.17450 -0.017089843750
0.17500 -0.007324218750
0.17550 -0.009765625000
0.17600 -0.041503906250
0.17650 -0.046386718750
0.17700 -0.053710937500
0.17750 -0.070800781250
0.17800 -0.102539062500
0.17850 -0.090332031250
0.17900 -0.078125000000
0.17950 -0.075683593750
0.18000 -0.087890625000
0.18050 -0.070800781250
0.18100 -0.041503906250
0.18150 -0.012207031250
0.18200 -0.004882812500
0.18250 -0.007324218750
0.18300 0.014648437500
0.18350 0.026855468750
0.18400 0.012207031250
0.18450 0.026855468750
0.18500 0.058593750000
0.18550 0.073242187500
0.18600 0.065917968750
0.18650 0.056152343750
0.18700 0.051269531250
0.18750 0.004882812500
0.18800 0.043945312500
0.18850 0.048828125000
0.18900 0.056152343750
0.18950 0.046386718750
0.19000 0.031738281250
0.19050 -0.002441406250
0.19100 -0.007324218750
0.19150 -0.002441406250
0.19200 -0.024414062500
0.19250 -0.048828125000
0.19300 -0.048828125000
0.19350 -0.058593750000
0.19400 -0.068359375000
0.19450 -0.080566406250
0.19500 -0.063476562500
0.19550 -0.036621093750
0.19600 -0.063476562500
0.19650 -0.085449218750
0.19700 -0.078125000000
0.19750 -0.043945312500
0.19800 -0.019531250000
0.19850 -0.009765625000
0.19900 0.004882812500
0.19950 0.019531250000
